              precision    recall  f1-score   support

       B-PER       0.98      0.93      0.95      1164
       I-PER       0.97      0.97      0.97      2584
      B-NORP       0.85      0.83      0.84       304
      I-NORP       0.87      0.80      0.84       542
       B-LOC       0.86      0.70      0.77       414
       I-LOC       0.89      0.71      0.79       944
       B-ORG       0.87      0.82      0.84       973
       I-ORG       0.91      0.87      0.89      3260
       B-GPE       0.91      0.85      0.88      1774
       I-GPE       0.92      0.91      0.91      2480
       B-DEV       0.71      0.71      0.71        17
       I-DEV       0.57      0.71      0.64        38
     B-EVENT       0.81      0.78      0.79       189
     I-EVENT       0.91      0.80      0.85       694
      B-WORK       0.88      0.86      0.87        80
      I-WORK       0.95      0.82      0.88       293
       B-LAW       0.70      0.64      0.67        22
       I-LAW       0.93      0.86      0.89        97
       B-LAN       0.94      0.84      0.89        19
       I-LAN       0.93      0.82      0.87        33
      B-TIME       0.93      0.92      0.92      1080
      I-TIME       0.96      0.92      0.94      2854
   B-PERCENT       1.00      0.85      0.92       107
   I-PERCENT       1.00      0.90      0.94       450
       B-CUR       0.96      0.92      0.94       147
       I-CUR       0.99      0.96      0.98       695
  B-QUANTITY       0.91      0.88      0.90        60
  I-QUANTITY       0.97      0.92      0.95       224
   B-ORDINAL       0.97      0.90      0.93       131
   I-ORDINAL       0.95      0.85      0.90       142
  B-CARDINAL       0.91      0.35      0.50       723
  I-CARDINAL       0.87      0.85      0.86       640

   micro avg       0.93      0.86      0.89     23174
   macro avg       0.90      0.83      0.86     23174
weighted avg       0.93      0.86      0.89     23174

