              precision    recall  f1-score   support

       B-PER       0.98      0.92      0.95      1170
       I-PER       0.97      0.96      0.97      2610
      B-NORP       0.84      0.83      0.83       304
      I-NORP       0.87      0.80      0.84       542
       B-LOC       0.86      0.71      0.78       414
       I-LOC       0.89      0.72      0.79       944
       B-ORG       0.87      0.83      0.85       987
       I-ORG       0.91      0.87      0.89      3298
       B-GPE       0.90      0.85      0.88      1775
       I-GPE       0.91      0.91      0.91      2481
       B-DEV       0.71      0.71      0.71        17
       I-DEV       0.57      0.71      0.64        38
     B-EVENT       0.81      0.78      0.79       189
     I-EVENT       0.91      0.80      0.85       694
      B-WORK       0.87      0.86      0.87        80
      I-WORK       0.94      0.82      0.87       293
       B-LAW       0.70      0.64      0.67        22
       I-LAW       0.93      0.86      0.89        97
       B-LAN       0.94      0.84      0.89        19
       I-LAN       0.93      0.82      0.87        33
      B-TIME       0.93      0.92      0.92      1081
      I-TIME       0.96      0.92      0.94      2857
   B-PERCENT       1.00      0.86      0.92       107
   I-PERCENT       1.00      0.90      0.95       450
       B-CUR       0.96      0.93      0.94       147
       I-CUR       0.99      0.97      0.98       695
  B-QUANTITY       0.92      0.93      0.93        60
  I-QUANTITY       0.97      0.95      0.96       224
   B-ORDINAL       0.97      0.90      0.93       131
   I-ORDINAL       0.95      0.85      0.90       142
  B-CARDINAL       0.91      0.35      0.50       723
  I-CARDINAL       0.87      0.85      0.86       640

   micro avg       0.92      0.87      0.89     23264
   macro avg       0.90      0.83      0.86     23264
weighted avg       0.92      0.87      0.89     23264

